x0 = [-1.2, 1.0]
fx = 24.199999999999996
gx = [-215.59999999999997, -87.99999999999999]
Hx = [1330.0 480.0; 480.0 200.0]
